1.199999999999999946e-06 8.470000000000000284e+01 8.300000000000000000e+01 8.839999999999999858e+00
4.799999999999999783e-06 7.779999999999999716e+01 7.670000000000000284e+01 7.620000000000000284e+01
1.559999999999999972e-05 4.339999999999999858e+01 4.310000000000000142e+01 4.350000000000000000e+01
2.500000000000000120e-05 2.319999999999999929e+01 2.310000000000000142e+01 2.289999999999999858e+01
3.359999999999999679e-05 1.719999999999999929e+01 1.730000000000000071e+01 1.739999999999999858e+01
6.000000000000000152e-05 6.099999999999999645e+00 6.099999999999999645e+00 5.799999999999999822e+00
8.040000000000000271e-05 4.599999999999999645e+00 4.500000000000000000e+00 4.700000000000000178e+00
9.979999999999999993e-05 3.600000000000000089e+00 3.700000000000000178e+00 3.600000000000000089e+00
1.210000000000000002e-04 3.100000000000000089e+00 3.200000000000000178e+00 2.899999999999999911e+00
1.489999999999999897e-04 2.600000000000000089e+00 2.799999999999999822e+00 2.899999999999999911e+00
1.800000000000000113e-04 2.399999999999999911e+00 2.500000000000000000e+00 2.399999999999999911e+00
2.010000000000000068e-04 2.200000000000000178e+00 2.200000000000000178e+00 2.200000000000000178e+00
