0.000000000000000000e+00 4.698409927534825670e-01
1.052631578947368363e+00 8.864688755521996200e+00
2.105263157894736725e+00 1.554529316011567630e+01
3.157894736842105310e+00 9.767558170900922931e+00
4.210526315789473450e+00 2.670221074763470881e+01
5.263157894736841591e+00 1.860700121978042887e+01
6.315789473684210620e+00 2.762364101949848916e+01
7.368421052631578760e+00 2.799199734642023429e+01
8.421052631578946901e+00 2.841833586350992746e+01
9.473684210526315042e+00 3.803474709052110114e+01
1.052631578947368318e+01 3.725269814352258635e+01
1.157894736842105132e+01 4.076651781676305575e+01
1.263157894736842124e+01 4.551775781737499216e+01
1.368421052631578938e+01 4.831856672112143514e+01
1.473684210526315752e+01 4.424647409337907078e+01
1.578947368421052566e+01 4.857328125012659825e+01
1.684210526315789380e+01 5.469978300377195524e+01
1.789473684210526372e+01 4.827859214145091471e+01
1.894736842105263008e+01 6.942891949593585821e+01
2.000000000000000000e+01 7.009870903447998103e+01
