1.000000000000000062e-09 -3.623974607818561344e+04 2.800000000000000000e+04
1.191452380952380972e-06 -4.966893277359540662e+04 3.600000000000000000e+04
2.381904761904761869e-06 5.894401596025168692e+04 4.800000000000000000e+04
3.572357142857142765e-06 3.030045154511434957e+05 4.400000000000000000e+04
4.762809523809523238e-06 1.826433053866114002e+06 4.400000000000000000e+04
5.953261904761903712e-06 4.808144173118404113e+06 4.000000000000000000e+04
7.143714285714285032e-06 7.413533887566952966e+06 3.600000000000000000e+04
8.334166666666667199e-06 9.027778552677512169e+06 3.600000000000000000e+04
9.524619047619047672e-06 9.674911724541814998e+06 3.200000000000000000e+04
1.071507142857142815e-05 9.390283075035797432e+06 2.800000000000000000e+04
1.190552380952380862e-05 8.782925227481117472e+06 2.400000000000000000e+04
1.309597619047619079e-05 7.981581217160890810e+06 2.400000000000000000e+04
1.428642857142857126e-05 7.007721808263869025e+06 2.000000000000000000e+04
1.547688095238095173e-05 6.207634504569499753e+06 2.000000000000000000e+04
1.666733333333333221e-05 5.408406313541126437e+06 2.000000000000000000e+04
1.785778571428571268e-05 4.682116063827584498e+06 2.400000000000000000e+04
1.904823809523809315e-05 4.080359197798619512e+06 2.800000000000000000e+04
2.023869047619047363e-05 3.590662152739544399e+06 3.200000000000000000e+04
2.142914285714285410e-05 3.114374067391266115e+06 3.600000000000000000e+04
2.261959523809523457e-05 2.718043382534879260e+06 4.400000000000000000e+04
2.381004761904761504e-05 2.395345894102456514e+06 4.400000000000000000e+04
2.500049999999999891e-05 2.095197925830695778e+06 4.400000000000000000e+04
2.619095238095237938e-05 1.780113591815460240e+06 4.400000000000000000e+04
2.738140476190475985e-05 1.605967060842751991e+06 4.400000000000000000e+04
2.857185714285714033e-05 1.362453377650288865e+06 4.400000000000000000e+04
2.976230952380952080e-05 1.239005648811418796e+06 4.000000000000000000e+04
3.095276190476190805e-05 1.126273031509317923e+06 4.000000000000000000e+04
3.214321428571428852e-05 1.000455782535726670e+06 3.600000000000000000e+04
3.333366666666666899e-05 8.353355895118680783e+05 3.600000000000000000e+04
3.452411904761904947e-05 7.976726494838359067e+05 4.000000000000000000e+04
3.571457142857142994e-05 6.797780344564678380e+05 4.000000000000000000e+04
3.690502380952381041e-05 5.983383044439371442e+05 4.400000000000000000e+04
3.809547619047619089e-05 5.511432501776234712e+05 5.200000000000000000e+04
3.928592857142857136e-05 3.847532432539188303e+05 5.600000000000000000e+04
4.047638095238095183e-05 4.988934739146345528e+05 6.000000000000000000e+04
4.166683333333333231e-05 4.237490476648911717e+05 6.400000000000000000e+04
4.285728571428571278e-05 4.557157214640652528e+05 6.400000000000000000e+04
4.404773809523809325e-05 3.980627481739014038e+05 6.800000000000000000e+04
4.523819047619047373e-05 2.375329604782542447e+05 8.000000000000000000e+04
4.642864285714285420e-05 2.916234290767890634e+05 1.080000000000000000e+05
4.761909523809523467e-05 3.010358574479510426e+05 1.720000000000000000e+05
4.880954761904762192e-05 2.435543622347526252e+05 3.040000000000000000e+05
5.000000000000000240e-05 5.631768090665072668e+05 5.560000000000000000e+05
