3.000000000000000000e+02 1.033718685587502405e+05
3.052631578947368212e+02 1.058031926796935295e+05
3.105263157894736992e+02 1.064413714573639008e+05
3.157894736842105203e+02 1.080472572981130652e+05
3.210526315789473983e+02 1.116793739644579473e+05
3.263157894736842195e+02 1.123140872741193452e+05
3.315789473684210407e+02 1.146839096137965389e+05
3.368421052631579187e+02 1.174669956538824772e+05
3.421052631578947398e+02 1.195005313206114224e+05
3.473684210526315610e+02 1.204992060560520331e+05
3.526315789473684390e+02 1.191742651822369080e+05
3.578947368421052602e+02 1.207455531312573439e+05
3.631578947368420813e+02 1.259674723110475607e+05
3.684210526315789593e+02 1.405251881400570855e+05
3.736842105263157805e+02 1.235749199721632176e+05
3.789473684210526017e+02 1.327797392222275957e+05
3.842105263157894797e+02 1.277319841563510126e+05
3.894736842105263577e+02 1.305336863778365514e+05
3.947368421052631788e+02 1.263958222606852651e+05
4.000000000000000000e+02 1.250296653463727707e+05
